733
1144
171
435
944
1562
1547
265
210
1106
595
7
1033
739
747
1970
912
610
78
315
1230
1665
1370
667
942
1362
282
482
607
139
1125
1991
193
156
53
1740
907
326
310
1373
1881
781
1274
1876
58
1239
452
1440
413
575
1924
243
902
11
609
1159
1352
1233
447
741
1426
751
906
1367
500
1702
553
371
1008
614
229
430
953
1359
1923
805
526
344
2
839
918
1438
578
65
620
778
773
1727
1534
1539
1460
1830
1348
361
428
1731
680
511
1461
1088
1794
388
1709
441
920
1824
1120
1554
1424
294
258
1980
1741
757
562
559
1074
1323
668
900
858
29
1614
771
1241
1548
0
646
1304
1313
1268
1755
722
185
1538
1439
1530
535
651
1931
1510
967
1840
301
1732
1730
1039
991
674
868
